[soe][Equalizer#0]
numBands=16

[soe][Equalizer#0#left]
band0Frequency=25.39926528930664
band0Gain=0.05
band0Mode=6
band0Q=2.3521039485931396
band10Frequency=1904.6761474609375
band10Gain=5.61
band10Mode=6
band10Q=2.3521039485931396
band11Frequency=2933.061279296875
band11Gain=8.86
band11Mode=6
band11Q=2.3521039485931396
band12Frequency=4516.69921875
band12Gain=8.33
band12Mode=6
band12Q=2.3521039485931396
band13Frequency=6955.384765625
band13Gain=5.19
band13Mode=6
band13Q=2.3521039485931396
band14Frequency=10710.78125
band14Gain=4.66
band14Mode=6
band14Q=2.3521039485931396
band15Frequency=16493.81640625
band15Gain=2.78
band15Mode=6
band15Q=2.3521039485931396
band16Type=0
band17Type=0
band18Type=0
band19Type=0
band1Frequency=39.11300277709961
band1Gain=-0.47
band1Mode=6
band1Q=2.3521039485931396
band20Type=0
band21Type=0
band22Type=0
band23Type=0
band24Type=0
band25Type=0
band26Type=0
band27Type=0
band28Type=0
band29Type=0
band2Frequency=60.23115158081055
band2Gain=-1
band2Mode=6
band2Q=2.3521039485931396
band30Type=0
band31Type=0
band3Frequency=92.75154876708984
band3Gain=-3.93
band3Mode=6
band3Q=2.3521039485931396
band4Frequency=142.83056640625
band4Gain=-4.14
band4Mode=6
band4Q=2.3521039485931396
band5Frequency=219.94857788085938
band5Gain=-3.62
band5Mode=6
band5Q=2.3521039485931396
band6Frequency=338.70465087890625
band6Gain=-3.2
band6Mode=6
band6Q=2.3521039485931396
band7Frequency=521.5802612304688
band7Gain=-2.78
band7Mode=6
band7Q=2.3521039485931396
band8Frequency=803.1953125
band8Gain=-0.79
band8Mode=6
band8Q=2.3521039485931396
band9Frequency=1236.8616943359375
band9Gain=1.41
band9Mode=6
band9Q=2.3521039485931396

[soe][Equalizer#0#right]
band0Frequency=25.39926528930664
band0Gain=0.05
band0Mode=6
band0Q=2.3521039485931396
band10Frequency=1904.6761474609375
band10Gain=5.61
band10Mode=6
band10Q=2.3521039485931396
band11Frequency=2933.061279296875
band11Gain=8.86
band11Mode=6
band11Q=2.3521039485931396
band12Frequency=4516.69921875
band12Gain=8.33
band12Mode=6
band12Q=2.3521039485931396
band13Frequency=6955.384765625
band13Gain=5.19
band13Mode=6
band13Q=2.3521039485931396
band14Frequency=10710.78125
band14Gain=4.66
band14Mode=6
band14Q=2.3521039485931396
band15Frequency=16493.81640625
band15Gain=2.78
band15Mode=6
band15Q=2.3521039485931396
band16Type=0
band17Type=0
band18Type=0
band19Type=0
band1Frequency=39.11300277709961
band1Gain=-0.47
band1Mode=6
band1Q=2.3521039485931396
band20Type=0
band21Type=0
band22Type=0
band23Type=0
band24Type=0
band25Type=0
band26Type=0
band27Type=0
band28Type=0
band29Type=0
band2Frequency=60.23115158081055
band2Gain=-1
band2Mode=6
band2Q=2.3521039485931396
band30Type=0
band31Type=0
band3Frequency=92.75154876708984
band3Gain=-3.93
band3Mode=6
band3Q=2.3521039485931396
band4Frequency=142.83056640625
band4Gain=-4.14
band4Mode=6
band4Q=2.3521039485931396
band5Frequency=219.94857788085938
band5Gain=-3.62
band5Mode=6
band5Q=2.3521039485931396
band6Frequency=338.70465087890625
band6Gain=-3.2
band6Mode=6
band6Q=2.3521039485931396
band7Frequency=521.5802612304688
band7Gain=-2.78
band7Mode=6
band7Q=2.3521039485931396
band8Frequency=803.1953125
band8Gain=-0.79
band8Mode=6
band8Q=2.3521039485931396
band9Frequency=1236.8616943359375
band9Gain=1.41
band9Mode=6
band9Q=2.3521039485931396
